# 手眼标定结果（棋盘格版本）
R_gimbal2imubody: [1, 0, 0, 0, 1, 0, 0, 0, 1]
# 相机相对理想姿态偏角: yaw 27.89° | pitch 62.40° | roll 35.11°
R_camera2gimbal: [0.067701012909666569, 0.90976397212175908, 0.40956817244537486, -0.96146082507287811, 0.16913369076902007, -0.21676456467105051, -0.26647636799758762, -0.37910857241176782, 0.88615294143997836]
t_camera2gimbal: [0.1814551857590736, 0.079228531396061841, -0.12394388642557325]
